x = [ 0.000000e+00 8.317748e-02 0.000000e+00 2.944050e-01 0.000000e+00 ];
